4 
82 
4 
12 
63 
97 
65 
26 
22 
16 
94 
53 
72 
21 
10 
100 
22 
74 
37 
77 
94 
8 
7 
44 
72 
33 
49 
20 
22 
95 
62 
88 
90 
95 
87 
13 
80 
35 
41 
86 
78 
19 
11 
22 
22 
66 
60 
14 
87 
99 
83 
69 
57 
17 
28 
6 
36 
2 
56 
95 
45 
51 
8 
86 
40 
15 
42 
57 
90 
89 
100 
69 
89 
16 
6 
60 
1 
66 
4 
36 
65 
85 
21 
72 
30 
80 
19 
59 
73 
47 
74 
38 
65 
20 
31 
87 
44 
90 
60 
76 
40 
29 
94 
29 
74 
22 
11 
78 
26 
71 
63 
70 
68 
63 
53 
88 
87 
28 
54 
54 
86 
28 
32 
45 
8 
61 
10 
32 
16 
36 
8 
4 
43 
16 
44 
80 
52 
40 
33 
70 
57 
73 
80 
14 
88 
92 
65 
57 
25 
94 
68 
54 
52 
15 
10 
54 
58 
72 
78 
86 
90 
33 
70 
39 
87 
94 
93 
48 
71 
18 
6 
91 
19 
76 
62 
43 
43 
64 
18 
21 
63 
70 
89 
1 
96 
52 
36 
65 
16 
59 
57 
50 
36 
57 
2 
3 
97 
35 
18 
29 
