46 
44 
76 
93 
96 
4 
85 
84 
53 
68 
86 
9 
83 
100 
94 
79 
28 
11 
45 
31 
38 
51 
49 
35 
78 
55 
75 
80 
86 
99 
26 
27 
1 
43 
84 
32 
75 
95 
50 
70 
15 
86 
28 
27 
58 
32 
6 
99 
9 
40 
89 
71 
30 
84 
28 
88 
41 
63 
33 
78 
71 
41 
16 
13 
66 
9 
32 
80 
57 
9 
99 
85 
97 
79 
1 
41 
56 
99 
60 
76 
41 
97 
1 
10 
99 
20 
8 
78 
52 
16 
5 
25 
40 
44 
22 
43 
84 
46 
46 
52 
55 
81 
51 
70 
36 
7 
59 
87 
91 
62 
48 
6 
98 
14 
31 
6 
64 
34 
39 
62 
86 
91 
77 
13 
29 
23 
22 
94 
70 
63 
45 
10 
99 
43 
64 
20 
89 
58 
29 
27 
18 
88 
41 
69 
11 
84 
95 
82 
61 
2 
84 
39 
81 
50 
32 
91 
69 
23 
90 
34 
17 
15 
84 
52 
74 
69 
85 
10 
12 
21 
52 
49 
30 
4 
80 
53 
8 
43 
51 
50 
45 
19 
45 
78 
53 
46 
56 
77 
41 
99 
16 
49 
73 
53 
62 
29 
100 
86 
48 
49 
