64 
75 
31 
30 
57 
2 
45 
80 
2 
63 
98 
76 
13 
36 
100 
37 
42 
54 
52 
55 
89 
61 
46 
73 
30 
93 
63 
1 
40 
55 
31 
62 
63 
65 
20 
29 
1 
62 
45 
22 
42 
87 
19 
20 
58 
57 
26 
38 
62 
57 
99 
76 
38 
26 
67 
3 
28 
74 
86 
69 
15 
45 
71 
45 
32 
61 
18 
84 
28 
17 
20 
80 
68 
15 
98 
82 
80 
98 
18 
83 
96 
26 
47 
100 
83 
86 
37 
67 
55 
99 
34 
10 
12 
77 
11 
20 
16 
90 
62 
7 
47 
92 
5 
10 
28 
66 
3 
27 
17 
62 
88 
80 
70 
37 
22 
83 
58 
28 
21 
17 
6 
36 
85 
72 
57 
92 
67 
16 
77 
70 
67 
87 
18 
52 
30 
6 
59 
29 
85 
36 
56 
12 
17 
9 
14 
39 
26 
59 
14 
72 
38 
94 
69 
84 
31 
44 
28 
8 
24 
38 
100 
33 
38 
69 
17 
98 
67 
8 
20 
46 
61 
73 
13 
93 
59 
21 
36 
60 
74 
88 
12 
44 
22 
17 
58 
22 
17 
94 
100 
63 
47 
22 
46 
90 
79 
27 
73 
93 
97 
99 
