56 
71 
10 
48 
57 
8 
96 
64 
41 
43 
23 
7 
83 
18 
38 
52 
4 
58 
6 
25 
22 
28 
93 
41 
25 
51 
61 
41 
1 
42 
29 
10 
17 
30 
42 
74 
89 
47 
53 
86 
1 
32 
63 
7 
18 
71 
33 
59 
79 
1 
6 
74 
96 
50 
96 
39 
9 
12 
91 
1 
78 
52 
7 
56 
40 
86 
45 
77 
72 
48 
72 
82 
5 
33 
46 
32 
50 
91 
39 
56 
18 
52 
58 
95 
48 
34 
62 
31 
38 
88 
41 
70 
51 
95 
40 
3 
25 
34 
91 
77 
18 
89 
12 
16 
34 
39 
43 
31 
77 
28 
58 
69 
38 
96 
16 
55 
8 
99 
29 
96 
52 
22 
31 
42 
24 
64 
57 
53 
34 
25 
12 
68 
91 
18 
17 
92 
60 
40 
51 
15 
81 
28 
89 
94 
24 
6 
67 
21 
47 
98 
89 
95 
7 
47 
30 
18 
34 
77 
86 
43 
85 
64 
82 
66 
94 
33 
56 
61 
62 
71 
37 
71 
38 
49 
13 
33 
40 
66 
88 
5 
69 
16 
3 
42 
29 
96 
4 
13 
85 
11 
12 
81 
52 
25 
16 
38 
34 
3 
46 
80 
