74 
75 
51 
60 
49 
27 
19 
72 
40 
44 
2 
52 
1 
93 
11 
7 
24 
8 
88 
1 
12 
49 
10 
52 
24 
32 
50 
79 
38 
9 
76 
46 
51 
4 
18 
41 
45 
67 
31 
39 
53 
35 
65 
12 
96 
33 
27 
59 
29 
13 
97 
67 
27 
31 
39 
51 
38 
96 
49 
76 
42 
71 
40 
1 
85 
77 
17 
74 
62 
90 
68 
14 
38 
42 
96 
45 
4 
51 
45 
25 
16 
13 
56 
40 
77 
32 
74 
13 
41 
81 
11 
17 
94 
58 
84 
18 
26 
40 
84 
79 
40 
78 
89 
31 
12 
99 
38 
60 
66 
89 
94 
57 
25 
20 
57 
17 
10 
25 
65 
81 
44 
74 
68 
25 
48 
24 
73 
4 
53 
22 
83 
78 
73 
38 
4 
52 
64 
64 
4 
5 
58 
35 
29 
5 
66 
1 
42 
13 
24 
85 
10 
2 
7 
75 
48 
59 
88 
50 
11 
46 
2 
34 
11 
52 
23 
45 
78 
85 
60 
77 
45 
22 
56 
20 
61 
90 
5 
3 
51 
23 
84 
88 
79 
16 
94 
48 
100 
4 
20 
83 
39 
18 
52 
8 
75 
79 
5 
66 
21 
60 
