48 
71 
92 
69 
43 
28 
20 
88 
75 
56 
54 
96 
48 
4 
64 
82 
80 
26 
67 
81 
90 
28 
99 
92 
19 
44 
76 
2 
61 
12 
82 
100 
99 
66 
7 
87 
62 
67 
82 
100 
27 
39 
16 
67 
3 
29 
92 
40 
54 
70 
88 
1 
69 
99 
55 
15 
21 
8 
54 
79 
68 
22 
99 
42 
78 
63 
68 
57 
82 
11 
90 
82 
86 
64 
95 
46 
32 
84 
84 
36 
75 
92 
62 
8 
14 
54 
26 
13 
94 
72 
32 
74 
64 
59 
71 
84 
5 
26 
83 
1 
64 
58 
9 
89 
64 
61 
56 
85 
71 
36 
35 
84 
49 
83 
30 
69 
97 
86 
71 
74 
36 
14 
35 
10 
91 
44 
37 
42 
69 
4 
63 
20 
9 
100 
53 
5 
63 
38 
81 
31 
72 
42 
26 
23 
50 
59 
5 
93 
1 
23 
42 
22 
60 
14 
100 
31 
23 
36 
84 
3 
69 
7 
100 
48 
44 
48 
99 
25 
38 
77 
18 
4 
71 
100 
41 
22 
57 
60 
86 
30 
59 
22 
68 
86 
40 
37 
28 
64 
8 
45 
77 
23 
97 
63 
11 
17 
74 
87 
19 
89 
