3 
91 
12 
34 
34 
22 
60 
75 
19 
85 
33 
77 
42 
1 
12 
49 
81 
28 
1 
3 
2 
99 
74 
98 
42 
17 
38 
60 
90 
26 
28 
2 
83 
41 
15 
72 
30 
49 
82 
41 
34 
77 
59 
18 
43 
48 
44 
81 
76 
15 
22 
96 
74 
81 
74 
61 
57 
93 
22 
18 
47 
25 
41 
47 
39 
16 
34 
89 
56 
75 
93 
78 
92 
11 
23 
20 
56 
64 
40 
89 
47 
28 
29 
13 
40 
18 
60 
56 
58 
4 
40 
84 
51 
46 
19 
76 
10 
43 
12 
87 
44 
44 
19 
61 
8 
75 
5 
27 
61 
66 
67 
71 
13 
60 
73 
100 
40 
13 
84 
75 
78 
50 
89 
13 
41 
42 
58 
92 
67 
21 
3 
80 
25 
61 
1 
11 
68 
80 
3 
95 
80 
63 
25 
40 
7 
58 
23 
39 
19 
78 
52 
78 
76 
41 
44 
55 
12 
84 
90 
61 
79 
74 
69 
6 
41 
52 
75 
20 
52 
58 
85 
80 
63 
3 
27 
77 
85 
9 
74 
99 
95 
31 
11 
6 
94 
28 
40 
55 
24 
29 
8 
95 
79 
94 
92 
75 
50 
6 
71 
60 
