65 
46 
22 
12 
49 
92 
72 
68 
85 
17 
87 
31 
5 
79 
17 
69 
24 
51 
71 
31 
49 
82 
10 
70 
95 
67 
35 
53 
28 
56 
75 
71 
96 
18 
21 
64 
81 
33 
21 
95 
79 
44 
34 
96 
40 
11 
51 
1 
12 
77 
93 
76 
65 
99 
74 
26 
66 
91 
40 
16 
78 
3 
25 
22 
22 
100 
54 
53 
83 
72 
29 
34 
14 
2 
43 
64 
76 
85 
59 
95 
20 
80 
73 
27 
85 
22 
96 
66 
25 
93 
50 
83 
55 
28 
94 
54 
89 
48 
5 
51 
43 
82 
77 
73 
61 
5 
81 
87 
28 
41 
6 
5 
34 
77 
47 
26 
18 
67 
23 
51 
4 
84 
74 
7 
3 
1 
50 
56 
14 
34 
70 
24 
61 
73 
25 
18 
9 
10 
83 
81 
74 
76 
41 
35 
63 
6 
23 
15 
51 
28 
62 
43 
32 
71 
32 
29 
95 
9 
41 
54 
27 
70 
62 
86 
21 
21 
63 
19 
90 
20 
79 
84 
69 
72 
16 
100 
89 
100 
93 
31 
32 
60 
37 
64 
21 
17 
40 
55 
47 
10 
81 
23 
27 
17 
57 
85 
88 
32 
50 
24 
