69 
71 
38 
91 
5 
66 
73 
17 
74 
49 
43 
55 
73 
19 
90 
64 
63 
24 
61 
59 
67 
74 
47 
65 
31 
55 
93 
54 
57 
33 
23 
20 
11 
68 
51 
27 
53 
76 
67 
71 
11 
56 
9 
55 
94 
49 
53 
95 
61 
70 
59 
40 
70 
18 
39 
41 
57 
64 
68 
65 
32 
45 
67 
69 
83 
4 
61 
24 
3 
40 
30 
50 
59 
34 
93 
22 
52 
86 
16 
31 
52 
66 
13 
91 
26 
35 
31 
18 
32 
83 
46 
84 
34 
4 
62 
7 
2 
17 
27 
73 
72 
70 
56 
22 
45 
16 
10 
60 
29 
89 
34 
54 
14 
72 
74 
100 
57 
6 
98 
75 
22 
86 
49 
82 
7 
45 
21 
90 
41 
29 
44 
96 
45 
37 
63 
4 
26 
21 
73 
14 
73 
15 
48 
95 
92 
46 
45 
74 
62 
22 
100 
98 
11 
98 
46 
21 
8 
48 
42 
96 
60 
1 
54 
46 
91 
15 
6 
29 
20 
35 
85 
51 
67 
37 
19 
6 
65 
6 
42 
92 
38 
65 
72 
44 
39 
32 
34 
22 
81 
93 
29 
51 
56 
74 
58 
86 
12 
56 
22 
45 
