71 
95 
41 
43 
31 
99 
91 
79 
67 
99 
73 
94 
76 
13 
84 
38 
97 
72 
39 
56 
66 
9 
43 
21 
66 
2 
62 
94 
31 
68 
15 
59 
66 
34 
43 
25 
47 
40 
81 
47 
91 
31 
21 
14 
89 
63 
73 
75 
67 
83 
27 
98 
75 
96 
34 
54 
88 
53 
40 
77 
84 
85 
52 
80 
97 
93 
46 
28 
10 
40 
10 
86 
31 
40 
94 
74 
11 
41 
73 
74 
41 
5 
93 
20 
36 
40 
1 
20 
77 
64 
88 
45 
9 
56 
83 
23 
14 
24 
6 
40 
38 
44 
94 
94 
77 
72 
71 
37 
64 
99 
59 
80 
20 
71 
95 
10 
41 
19 
83 
14 
68 
78 
63 
66 
50 
87 
73 
64 
48 
18 
82 
12 
61 
71 
65 
64 
8 
97 
50 
86 
83 
35 
32 
16 
58 
62 
14 
50 
87 
50 
79 
75 
64 
40 
27 
52 
2 
40 
79 
73 
18 
75 
33 
8 
40 
20 
61 
4 
23 
72 
1 
38 
97 
91 
59 
63 
39 
25 
66 
48 
2 
84 
66 
33 
70 
79 
47 
91 
21 
44 
20 
38 
50 
10 
77 
48 
26 
5 
65 
86 
