97 
64 
41 
88 
30 
87 
3 
87 
9 
24 
19 
53 
43 
4 
27 
9 
16 
47 
82 
67 
60 
84 
74 
39 
10 
52 
77 
79 
87 
65 
30 
12 
69 
20 
4 
51 
45 
57 
61 
14 
21 
76 
16 
77 
89 
67 
63 
80 
57 
26 
91 
20 
36 
37 
79 
29 
44 
45 
21 
98 
65 
33 
5 
10 
73 
36 
52 
26 
15 
27 
94 
17 
62 
11 
11 
38 
52 
40 
91 
39 
23 
9 
30 
79 
14 
53 
86 
34 
79 
49 
65 
54 
92 
58 
64 
27 
72 
14 
82 
37 
33 
25 
34 
94 
92 
32 
47 
92 
89 
56 
19 
39 
47 
75 
25 
58 
33 
20 
70 
78 
90 
45 
25 
99 
24 
15 
31 
89 
2 
7 
77 
74 
5 
7 
17 
17 
10 
60 
45 
94 
79 
65 
5 
84 
52 
43 
69 
68 
47 
35 
41 
17 
83 
92 
59 
41 
41 
10 
68 
14 
67 
5 
21 
52 
8 
50 
74 
55 
72 
55 
10 
68 
41 
40 
12 
52 
13 
60 
54 
69 
77 
58 
32 
54 
22 
73 
86 
22 
15 
67 
13 
38 
25 
89 
41 
47 
81 
71 
18 
48 
