66 
54 
64 
1 
43 
57 
77 
76 
88 
3 
77 
85 
27 
100 
42 
38 
85 
49 
93 
96 
92 
77 
63 
15 
81 
78 
66 
56 
39 
85 
57 
20 
85 
26 
36 
30 
67 
24 
48 
14 
24 
54 
40 
73 
65 
89 
42 
44 
48 
46 
18 
2 
14 
6 
30 
63 
64 
68 
15 
33 
71 
15 
10 
76 
54 
74 
90 
24 
74 
6 
26 
43 
55 
78 
25 
50 
35 
43 
13 
46 
69 
4 
98 
78 
19 
88 
97 
20 
59 
44 
26 
100 
73 
56 
18 
18 
74 
31 
43 
41 
25 
90 
14 
80 
18 
83 
59 
27 
43 
75 
53 
99 
81 
60 
4 
59 
75 
9 
77 
32 
19 
98 
24 
82 
35 
65 
37 
20 
45 
91 
93 
55 
92 
41 
59 
89 
10 
78 
95 
40 
64 
71 
5 
95 
85 
73 
38 
58 
77 
64 
46 
1 
72 
49 
40 
66 
78 
84 
41 
95 
17 
3 
99 
87 
80 
47 
91 
82 
7 
94 
60 
9 
50 
68 
18 
67 
7 
52 
92 
8 
97 
32 
86 
98 
41 
66 
50 
41 
24 
62 
81 
48 
12 
63 
51 
39 
66 
45 
42 
21 
