11 
50 
16 
59 
23 
63 
26 
76 
9 
28 
69 
74 
67 
92 
18 
19 
41 
62 
56 
54 
89 
73 
61 
61 
91 
67 
12 
63 
91 
64 
11 
17 
54 
7 
37 
95 
100 
84 
98 
100 
92 
78 
35 
62 
90 
74 
44 
2 
84 
41 
3 
17 
12 
93 
14 
96 
9 
23 
28 
83 
20 
5 
37 
65 
88 
60 
36 
67 
17 
28 
13 
7 
40 
76 
29 
26 
12 
18 
45 
69 
40 
60 
99 
97 
61 
3 
100 
43 
43 
69 
89 
15 
61 
44 
48 
25 
43 
32 
83 
99 
53 
11 
13 
88 
28 
30 
90 
55 
20 
39 
23 
66 
40 
23 
81 
29 
14 
12 
50 
29 
95 
96 
53 
7 
47 
22 
66 
26 
5 
5 
10 
1 
11 
83 
24 
90 
39 
36 
15 
27 
10 
9 
60 
77 
32 
59 
60 
91 
28 
81 
25 
13 
58 
13 
4 
46 
92 
100 
33 
71 
21 
84 
39 
86 
15 
7 
75 
4 
17 
55 
66 
21 
85 
77 
86 
38 
64 
57 
10 
3 
11 
18 
79 
86 
65 
46 
100 
71 
87 
32 
22 
46 
5 
51 
54 
44 
63 
69 
90 
73 
