55 
22 
77 
45 
77 
46 
48 
8 
32 
88 
55 
72 
3 
64 
39 
87 
16 
10 
85 
87 
77 
58 
65 
83 
91 
40 
43 
65 
17 
89 
99 
36 
48 
75 
17 
20 
65 
83 
21 
48 
95 
76 
37 
70 
50 
91 
76 
55 
82 
48 
58 
73 
38 
83 
98 
66 
64 
11 
58 
93 
50 
32 
88 
24 
50 
37 
43 
64 
91 
43 
11 
71 
10 
51 
10 
76 
46 
80 
24 
99 
58 
62 
80 
94 
71 
62 
53 
24 
19 
11 
30 
15 
8 
89 
7 
67 
80 
34 
43 
11 
24 
54 
76 
44 
99 
97 
22 
54 
13 
49 
73 
61 
57 
100 
55 
52 
54 
6 
62 
7 
92 
59 
75 
4 
37 
1 
3 
7 
15 
2 
38 
25 
92 
58 
18 
44 
52 
21 
53 
98 
70 
15 
8 
8 
5 
49 
86 
48 
19 
44 
73 
14 
21 
31 
26 
98 
3 
40 
55 
74 
62 
16 
62 
31 
60 
99 
73 
27 
26 
73 
33 
77 
79 
36 
62 
19 
25 
10 
28 
9 
49 
16 
72 
78 
48 
78 
4 
34 
15 
17 
35 
34 
35 
29 
37 
79 
19 
18 
99 
28 
