33 
23 
75 
55 
44 
92 
76 
4 
42 
26 
89 
82 
12 
12 
21 
93 
38 
39 
40 
36 
34 
85 
50 
35 
68 
46 
91 
67 
62 
88 
49 
92 
97 
30 
68 
11 
70 
7 
15 
53 
17 
41 
17 
96 
14 
100 
27 
29 
44 
73 
89 
32 
1 
94 
10 
12 
38 
5 
13 
27 
57 
60 
95 
23 
70 
94 
12 
10 
16 
25 
9 
87 
93 
76 
60 
67 
98 
87 
51 
19 
69 
56 
26 
23 
54 
60 
83 
54 
10 
3 
15 
1 
55 
63 
52 
76 
13 
94 
66 
57 
98 
7 
12 
30 
57 
84 
39 
67 
86 
71 
65 
17 
7 
3 
12 
43 
29 
4 
62 
4 
53 
73 
80 
99 
48 
88 
7 
17 
64 
71 
70 
62 
71 
27 
24 
11 
25 
49 
90 
22 
37 
87 
59 
39 
78 
72 
60 
71 
77 
60 
3 
30 
61 
73 
25 
23 
91 
17 
18 
84 
50 
71 
82 
57 
93 
60 
85 
79 
33 
53 
45 
13 
38 
81 
26 
49 
28 
73 
96 
88 
60 
42 
49 
86 
57 
36 
67 
11 
14 
80 
55 
100 
93 
68 
92 
96 
38 
77 
53 
85 
