60 
28 
58 
62 
30 
88 
3 
91 
28 
12 
81 
43 
92 
17 
45 
95 
38 
70 
62 
20 
53 
26 
36 
34 
29 
76 
82 
80 
30 
88 
85 
18 
10 
18 
86 
45 
12 
17 
37 
9 
89 
82 
94 
80 
73 
77 
7 
93 
47 
22 
14 
66 
61 
72 
22 
6 
53 
69 
51 
33 
30 
84 
35 
82 
19 
21 
94 
13 
15 
61 
19 
34 
83 
68 
65 
36 
93 
36 
85 
48 
18 
63 
4 
93 
75 
16 
22 
83 
77 
79 
97 
95 
18 
92 
2 
61 
50 
42 
36 
80 
32 
48 
7 
16 
82 
82 
19 
3 
72 
7 
8 
56 
77 
70 
2 
3 
24 
47 
23 
97 
84 
72 
96 
53 
52 
79 
20 
44 
15 
24 
24 
4 
46 
81 
74 
18 
32 
84 
18 
61 
58 
24 
97 
12 
20 
77 
93 
30 
3 
69 
53 
95 
44 
20 
69 
98 
14 
42 
29 
89 
67 
24 
32 
52 
38 
3 
58 
39 
1 
91 
3 
61 
93 
38 
50 
83 
62 
61 
23 
98 
63 
37 
30 
99 
22 
72 
3 
29 
65 
66 
67 
40 
72 
81 
80 
12 
17 
4 
67 
91 
