10 
41 
100 
16 
42 
2 
96 
19 
78 
52 
54 
89 
69 
29 
14 
22 
48 
86 
2 
82 
38 
6 
79 
73 
79 
65 
69 
80 
7 
24 
58 
67 
81 
72 
67 
71 
37 
46 
19 
84 
74 
17 
45 
53 
52 
99 
65 
25 
19 
66 
43 
60 
93 
22 
77 
33 
53 
57 
1 
57 
57 
7 
56 
76 
63 
44 
78 
20 
72 
54 
1 
66 
94 
65 
48 
87 
15 
55 
50 
26 
98 
16 
25 
55 
23 
49 
26 
56 
21 
25 
99 
60 
12 
62 
23 
46 
35 
68 
74 
32 
75 
99 
96 
59 
57 
82 
99 
36 
49 
3 
25 
9 
51 
24 
32 
41 
15 
75 
10 
38 
21 
41 
82 
14 
21 
8 
18 
85 
100 
66 
13 
28 
74 
34 
74 
47 
90 
49 
36 
47 
84 
44 
71 
30 
94 
96 
35 
73 
24 
62 
27 
38 
2 
14 
76 
18 
56 
17 
100 
63 
10 
66 
68 
44 
87 
36 
1 
82 
23 
79 
71 
22 
90 
5 
83 
10 
44 
58 
74 
26 
68 
2 
42 
52 
1 
86 
89 
22 
17 
83 
90 
95 
23 
97 
97 
49 
55 
79 
41 
11 
