58 
78 
41 
75 
97 
52 
7 
52 
21 
20 
82 
14 
31 
56 
8 
54 
11 
77 
24 
65 
70 
60 
15 
90 
66 
37 
90 
29 
39 
39 
91 
55 
7 
51 
72 
90 
91 
31 
60 
51 
70 
29 
70 
29 
32 
80 
68 
15 
40 
60 
39 
25 
83 
52 
40 
30 
10 
10 
43 
58 
24 
21 
67 
62 
39 
64 
1 
59 
23 
64 
54 
93 
33 
37 
20 
27 
85 
65 
51 
86 
61 
48 
93 
76 
31 
89 
29 
54 
26 
78 
70 
41 
43 
91 
58 
29 
62 
93 
34 
69 
16 
63 
96 
69 
46 
31 
71 
32 
94 
28 
52 
60 
64 
84 
65 
62 
96 
9 
11 
66 
19 
83 
53 
8 
63 
98 
50 
98 
79 
31 
79 
24 
83 
53 
76 
60 
5 
61 
43 
63 
46 
83 
96 
95 
44 
33 
73 
62 
50 
60 
26 
28 
74 
39 
96 
53 
96 
2 
29 
8 
47 
69 
49 
92 
55 
99 
82 
30 
63 
63 
58 
92 
79 
91 
67 
27 
54 
58 
40 
84 
57 
28 
26 
96 
19 
81 
44 
67 
90 
66 
26 
96 
45 
94 
35 
20 
16 
1 
94 
18 
