41 
22 
52 
71 
18 
18 
69 
50 
83 
57 
14 
12 
58 
47 
1 
55 
40 
50 
86 
82 
40 
70 
58 
59 
6 
37 
71 
33 
97 
89 
56 
97 
98 
86 
36 
63 
33 
24 
10 
39 
65 
6 
64 
23 
38 
52 
86 
67 
92 
62 
27 
94 
17 
28 
38 
4 
44 
13 
32 
78 
90 
32 
11 
29 
72 
88 
41 
89 
73 
57 
60 
37 
50 
48 
100 
16 
37 
66 
46 
10 
71 
11 
72 
63 
49 
30 
65 
14 
10 
98 
39 
27 
36 
24 
91 
20 
42 
71 
91 
14 
86 
58 
74 
57 
92 
47 
1 
87 
50 
40 
71 
69 
52 
96 
9 
7 
72 
29 
21 
93 
31 
48 
88 
92 
75 
42 
29 
78 
28 
44 
38 
52 
72 
33 
9 
33 
86 
16 
22 
23 
94 
38 
18 
60 
74 
42 
46 
52 
33 
44 
52 
66 
15 
40 
19 
14 
18 
14 
4 
16 
98 
2 
100 
78 
38 
54 
53 
10 
15 
19 
7 
15 
55 
28 
11 
95 
100 
95 
47 
68 
76 
37 
48 
51 
24 
27 
46 
17 
40 
49 
51 
28 
99 
65 
98 
88 
45 
69 
84 
94 
