75 
92 
65 
78 
72 
42 
51 
8 
14 
51 
58 
54 
99 
16 
8 
26 
54 
99 
5 
92 
5 
56 
53 
98 
33 
68 
20 
43 
49 
27 
15 
44 
42 
18 
23 
40 
10 
18 
63 
32 
76 
78 
24 
24 
60 
30 
95 
74 
98 
95 
35 
71 
27 
54 
59 
30 
95 
16 
82 
58 
70 
84 
3 
14 
88 
32 
24 
53 
28 
81 
59 
65 
58 
76 
77 
35 
16 
40 
35 
39 
64 
77 
37 
94 
74 
18 
97 
94 
61 
88 
9 
1 
91 
42 
27 
73 
15 
7 
39 
57 
68 
69 
36 
19 
95 
96 
88 
92 
11 
71 
82 
22 
31 
17 
45 
20 
12 
92 
47 
20 
21 
27 
62 
31 
74 
36 
2 
57 
85 
76 
63 
15 
50 
10 
71 
73 
83 
12 
66 
12 
54 
2 
57 
28 
90 
76 
4 
31 
73 
73 
60 
2 
93 
82 
24 
73 
77 
77 
80 
95 
74 
38 
84 
16 
81 
76 
57 
62 
5 
94 
72 
31 
6 
88 
37 
73 
60 
86 
8 
96 
53 
81 
17 
86 
50 
1 
88 
19 
71 
10 
47 
2 
78 
32 
41 
90 
52 
69 
89 
91 
